a=[10 20 30]
b=[100 110 120]
c=a+b
d=a(2)+b(3)