a=[ 10 20 30; 40 50 60]
b=[40,50,60; 70, 80,90]
c=a+b


%disp(a)
